caso 0:
114 0
896 5
981 36
994 61
995 159
996 260
993 964
926 991
866 995
767 996
262 999
110 997
23 995
2 949
0 866
4 42
6 25

caso 1:
350 0
741 3
837 5
974 11
999 113
998 864
985 952
971 987
438 996
142 997
91 990
40 954
1 598
1 593
4 405
10 42
53 19
88 12
220 5

caso 2:
143 1
319 1
991 6
996 222
999 797
984 943
979 983
910 998
640 998
145 995
18 966
0 745
1 489
4 171
6 138
15 33
84 10

caso 3:
40 0
624 4
998 14
999 630
997 936
979 974
970 981
958 987
849 996
413 995
192 992
19 974
2 945
1 43
7 12

caso 4:
326 4
802 10
833 13
991 35
997 290
999 499
999 600
988 931
922 991
912 995
767 996
160 997
43 988
10 979
2 517
5 32
22 20

caso 5:
596 0
981 2
998 66
998 820
996 841
993 865
989 896
914 973
896 979
675 994
501 999
393 998
158 974
121 969
91 939
15 799
2 617
0 237
1 35
8 30
159 4

caso 6:
635 0
806 1
856 7
990 35
997 795
992 835
977 937
959 972
864 998
218 999
66 992
13 942
4 896
7 32
10 10
56 3

caso 7:
660 0
769 6
976 20
993 109
996 213
999 325
997 734
989 811
967 876
896 996
248 997
141 993
53 982
37 978
17 880
9 758
5 308
6 232
34 38
69 15
131 7
146 6
219 5

caso 8:
795 1
833 1
934 4
979 29
996 46
997 88
996 884
990 982
929 990
869 994
794 997
68 991
21 895
1 702
6 46
36 17
107 7
233 4
295 3

caso 9:
48 2
822 4
989 13
999 304
999 519
998 966
996 975
925 988
894 991
801 999
47 995
14 994
2 891
1 139
33 12

caso 10:
771 0
887 14
911 24
979 56
986 93
998 279
998 966
936 994
848 999
142 999
14 980
0 905
0 546
2 199
9 90
71 5

caso 11:
360 0
420 0
661 3
938 9
960 14
995 75
998 103
999 271
999 448
986 937
924 989
882 996
427 999
304 997
88 988
7 982
0 675
1 143
3 14
70 1

caso 12:
811 0
895 0
997 7
998 37
994 938
944 974
833 988
470 996
191 997
60 994
14 908
1 756
0 296
6 59
22 9
76 4
351 2

caso 13:
453 0
785 1
929 4
988 11
994 31
999 108
996 971
975 999
343 997
99 990
6 986
1 963
0 453
7 4

caso 14:
248 1
941 4
970 39
996 81
998 601
997 957
974 980
838 998
161 998
114 991
1 965
0 728
0 348
2 308
23 143
33 90
88 13
203 4

caso 15:
878 1
953 12
976 43
982 90
987 275
998 995
668 998
49 997
34 980
32 971
22 867
12 743
0 580
3 210
5 179
30 30
46 18
199 8
345 3

caso 16:
503 3
777 4
992 10
999 24
993 814
963 997
519 999
202 998
29 976
27 975
14 914
2 750
2 617
9 170
56 51
63 42

caso 17:
391 2
907 3
969 46
991 206
994 644
993 844
991 992
818 994
384 997
167 998
87 991
0 937
7 129
34 61
56 31
71 27
174 15

caso 18:
971 0
999 167
999 809
978 994
178 997
0 996
0 107
4 4
69 2

caso 19:
93 2
909 4
975 7
990 81
997 136
999 339
999 830
998 880
971 967
899 988
884 989
357 998
5 991
0 947
0 651
1 38

caso 20:
135 0
975 3
989 225
986 946
971 991
967 997
106 998
84 991
2 903
0 118
101 18

caso 21:
648 1
782 1
927 7
999 14
999 419
998 745
995 810
984 983
816 995
749 997
43 999
12 983
8 930
0 671
3 100
5 84
16 52
57 15
140 4
245 2

caso 22:
172 0
893 0
981 41
996 148
998 582
998 662
997 734
988 839
987 847
975 910
945 981
922 991
911 995
858 996
380 998
115 998
54 979
9 961
5 905
0 455
2 41
74 6

caso 23:
223 0
800 2
947 7
982 49
997 99
999 140
999 776
981 949
932 995
847 997
653 998
208 998
94 990
7 982
2 952
0 900
0 134
22 20
78 12

caso 24:
67 1
660 1
909 3
936 26
985 75
998 133
999 324
999 624
988 853
979 964
967 981
859 992
720 999
140 998
8 986
3 840
0 58
3 20
11 13

caso 25:
590 0
968 1
985 58
995 159
997 600
997 813
992 877
989 912
975 971
938 986
785 993
732 995
31 998
17 955
3 830
2 664
12 156
36 45
101 10
114 8
204 6

caso 26:
784 0
891 17
964 32
985 83
993 224
999 561
997 921
972 968
916 984
888 989
770 999
49 999
29 942
16 899
5 698
1 454
0 382
2 206
14 124
34 56
59 6
375 1

caso 27:
655 0
741 0
927 10
978 14
988 98
991 166
996 500
997 874
988 947
954 994
616 998
350 998
77 997
10 925
9 919
3 874
0 786
0 189
3 5
283 2

caso 28:
42 1
746 5
827 6
938 22
992 233
997 342
997 960
912 998
487 997
262 992
142 983
91 969
62 912
15 768
2 504
7 32

caso 29:
884 0
931 2
969 12
988 58
998 91
999 281
989 913
969 966
934 991
672 994
220 997
85 980
14 963
6 952
1 858
0 795
1 53
7 45
58 7
134 4

caso 30:
75 1
668 6
984 15
995 30
998 72
996 704
995 918
989 934
965 984
845 996
579 997
262 998
69 996
26 979
5 894
0 384
5 7

caso 31:
496 1
801 2
931 27
965 50
998 118
999 435
998 979
655 997
279 997
67 970
5 910
0 507
3 194
41 25
189 12
355 2

caso 32:
114 0
980 0
991 44
993 277
997 862
995 924
941 977
808 998
13 995
0 665
0 176
17 29
43 19

caso 33:
415 0
421 0
907 1
994 6
999 32
997 834
994 881
986 979
953 993
457 998
389 997
19 976
15 887
8 615
2 113
3 20

caso 34:
460 1
914 4
960 54
993 156
999 210
999 937
957 986
948 990
667 998
165 983
109 981
64 965
4 939
0 493
5 270
12 28
275 6

caso 35:
70 1
683 1
916 22
936 25
975 54
999 247
999 870
994 887
919 985
770 996
157 999
0 967
0 738
11 8

caso 36:
40 0
94 0
486 1
912 10
992 17
999 53
995 727
993 766
965 945
928 975
907 980
579 994
338 996
101 979
43 931
0 786
4 72

caso 37:
739 1
885 3
957 20
987 39
999 201
999 512
998 673
982 968
892 997
691 998
165 999
35 997
10 987
3 829
0 218
1 22
66 8
209 6

caso 38:
99 1
531 3
938 5
976 79
991 265
995 772
991 939
986 987
976 996
180 994
3 969
2 790
4 43
25 11

caso 39:
773 0
944 5
985 55
994 104
996 148
999 460
998 854
969 974
767 999
97 999
62 997
28 992
17 949
2 761
0 481
6 218
14 160
35 18
47 14
183 2

caso 40:
443 1
725 3
864 7
971 23
985 39
994 233
999 772
983 970
949 990
853 995
727 997
317 997
161 987
10 975
6 688
2 218
6 151
9 124
12 99
19 49
72 2

caso 41:
127 0
415 0
870 2
913 27
970 78
993 146
998 197
999 287
997 910
982 969
957 981
866 994
852 995
538 997
380 996
20 988
2 920
0 491
3 90
12 78

caso 42:
242 6
946 17
977 24
989 99
998 217
999 233
998 542
985 845
970 966
932 990
774 999
208 999
67 983
25 971
11 771
7 683
3 479
3 119
18 53
97 12

caso 43:
521 0
954 1
998 4
998 811
990 925
977 971
831 998
576 999
556 999
28 997
23 993
4 962
1 52
9 24
23 12
138 6
271 3

caso 44:
486 1
876 12
954 51
975 164
983 229
998 589
998 883
993 911
833 994
391 998
118 997
37 994
6 838
3 618
3 62
5 21
376 5
447 2

caso 45:
123 1
525 1
997 2
998 213
998 901
984 935
899 989
821 995
324 999
16 988
11 964
0 791
0 675
4 144
10 119
46 18
58 12
88 2

caso 46:
438 0
748 0
771 1
845 13
922 29
997 59
997 480
994 888
992 974
965 994
898 995
560 999
115 995
55 993
18 975
5 922
3 895
0 637
0 66
45 7
102 2

caso 47:
551 0
800 5
916 16
943 22
993 96
996 146
997 228
999 919
943 990
783 997
225 999
39 994
6 954
0 840
0 408
4 2

caso 48:
16 1
935 2
997 14
997 229
993 850
984 979
973 989
928 993
752 998
34 995
6 987
2 777
0 29

caso 49:
133 0
637 1
980 2
984 21
998 89
993 830
964 967
944 990
935 994
478 996
472 996
82 992
19 951
1 893
0 582
0 506
3 203
52 18

caso 50:
377 1
823 1
956 9
992 110
993 142
999 422
998 907
984 982
952 998
842 999
10 997
3 903
1 672
0 107
12 20
39 4

caso 51:
756 0
903 21
957 34
996 65
997 969
947 999
570 998
30 996
8 961
3 830
1 270
6 79
100 2
323 1

caso 52:
30 6
721 15
838 27
896 62
937 87
955 106
992 148
996 300
994 970
655 998
241 989
63 976
2 963
1 80
8 58

caso 53:
876 0
933 4
997 30
997 756
961 994
806 996
448 999
36 997
7 972
4 933
2 873
1 614
2 355
8 30
19 15
34 8
350 3

caso 54:
302 0
686 2
975 5
994 9
999 367
999 617
987 960
982 988
733 999
343 999
9 992
3 527
5 118
32 40
64 16

caso 55:
192 2
851 5
958 6
979 22
991 228
995 430
984 954
906 997
464 996
170 994
51 956
17 940
5 720
2 417
2 50
18 15

caso 56:
416 0
769 6
992 10
999 568
995 992
759 997
383 999
84 989
1 961
1 270
5 216
30 49
137 1

caso 57:
553 1
962 4
987 32
999 493
999 958
991 977
956 991
865 998
253 997
113 984
29 975
7 958
2 674
0 169
3 70
15 16
251 5

caso 58:
888 2
926 4
978 21
997 184
996 978
880 994
209 999
68 993
15 972
1 936
1 596
4 154
19 98
84 43
244 4

caso 59:
131 1
961 1
979 23
995 161
999 289
995 861
979 961
972 963
896 983
829 998
663 998
129 996
5 991
3 911
1 481
0 242
3 90
12 51
24 33

caso 60:
372 3
675 6
821 34
943 75
977 118
992 142
998 626
993 903
991 958
988 983
935 995
485 999
221 999
74 997
6 813
4 705
2 54
50 13

caso 61:
251 2
932 5
995 98
999 216
998 450
985 946
970 972
958 988
770 993
267 998
152 997
52 995
5 970
2 407
1 215
12 6

caso 62:
921 0
973 6
995 30
999 525
999 620
998 776
997 866
995 887
956 992
624 998
57 996
32 991
13 962
4 945
1 498
2 406
9 182
54 46
62 25
288 2

caso 63:
6 0
373 1
727 2
878 4
944 11
997 124
999 393
997 760
960 992
832 994
422 999
140 979
19 947
13 883
2 646
0 534

caso 64:
535 0
956 8
996 68
998 269
997 569
992 816
986 969
965 995
693 998
158 999
23 988
13 947
1 600
2 306
4 42
29 13
390 3

caso 65:
359 0
845 2
973 31
984 64
991 192
999 513
998 722
991 988
984 997
529 999
125 997
52 993
10 863
2 571
11 223
27 30
100 1

caso 66:
268 1
734 4
948 21
981 30
998 69
997 331
993 881
979 954
927 992
886 999
26 995
13 978
2 439
0 237
10 77
34 27
61 17
119 11

caso 67:
438 0
936 0
965 35
998 100
998 981
985 991
952 996
882 999
26 995
17 941
15 895
7 632
0 249
7 73
22 25
61 7
205 1

caso 68:
916 1
941 25
960 78
989 221
999 443
990 998
450 999
294 995
32 982
15 962
5 815
4 773
2 617
3 240
20 57
67 15
87 8
156 7

caso 69:
344 0
629 1
974 3
993 29
996 53
998 140
999 234
999 994
537 999
97 996
54 994
2 982
3 561
11 167
38 10
146 5

caso 70:
180 7
700 7
941 43
996 140
999 465
999 864
993 909
986 955
857 996
123 996
4 961
1 689
12 257
29 28
86 14
118 8

caso 71:
29 0
887 0
983 12
999 305
996 716
985 910
982 957
970 980
932 997
918 999
469 999
318 998
65 996
17 969
1 958
0 419
15 50

caso 72:
442 1
835 3
901 17
979 148
996 239
999 724
994 942
934 983
927 987
885 994
787 995
174 999
100 995
36 981
2 952
0 789
0 39
47 4

caso 73:
326 0
963 1
985 35
999 109
999 353
998 995
120 996
22 991
0 973
0 496
15 24

caso 74:
596 0
910 6
987 17
989 24
995 741
994 892
985 991
915 997
12 996
5 764
2 260
9 149
25 15
97 11

caso 75:
844 0
916 0
942 5
992 77
994 174
998 758
950 973
936 993
316 999
111 978
42 950
0 774
1 82
52 11

caso 76:
766 1
941 5
970 22
997 189
999 218
999 665
993 961
881 988
667 997
465 998
8 999
1 893
0 813
0 665
1 128
16 25
20 20
412 6

caso 77:
398 1
865 17
932 23
977 92
994 225
999 448
999 916
947 953
861 993
175 999
25 988
11 983
7 840
4 703
6 177
12 73
27 44
130 16

caso 78:
520 1
777 4
925 16
997 35
998 167
999 523
991 976
954 983
917 985
589 998
339 993
47 979
33 976
6 880
2 766
2 651
4 303
6 36
18 21
39 10
122 2

caso 79:
64 0
836 1
974 7
983 118
999 352
999 982
946 986
861 992
621 996
84 998
2 991
2 23
43 4

caso 80:
381 0
727 1
881 9
989 16
999 440
999 649
990 965
872 984
785 994
635 999
402 999
43 990
24 960
0 916
1 206
2 182
12 75
41 20
54 11
85 7
113 4
220 1

caso 81:
390 0
454 0
878 4
989 18
993 94
996 210
997 618
997 849
971 923
950 965
932 980
848 989
694 999
249 992
14 974
3 749
1 243
4 44
5 7
95 5

caso 82:
258 1
687 4
863 8
926 11
985 29
994 137
998 469
992 802
984 951
967 967
878 989
835 992
541 998
15 995
4 976
3 956
1 731
1 445
2 61
32 19

caso 83:
195 0
405 4
689 10
747 14
935 37
990 69
995 181
996 824
951 973
757 994
426 991
176 975
59 955
15 936
3 165
34 60
41 45
72 7

caso 84:
148 0
787 1
959 9
986 24
998 214
999 296
999 507
996 791
973 939
820 998
80 998
6 978
4 546
4 324
5 48
90 16

caso 85:
682 2
975 27
986 153
994 297
999 396
993 981
988 996
588 997
67 991
34 977
5 959
4 491
6 137
11 45
14 23
34 15
80 6

caso 86:
554 0
971 2
999 4
998 657
996 965
837 998
725 999
437 999
172 997
86 996
16 994
3 992
1 498
0 196
10 78
49 23
418 5

caso 87:
954 1
984 9
990 101
995 266
998 582
990 921
982 959
955 990
948 995
685 998
138 995
40 992
7 985
1 794
0 720
3 386
7 73
49 53
191 10
440 4

caso 88:
825 7
954 8
970 13
989 270
993 560
994 664
949 980
303 998
85 975
22 944
19 905
8 720
1 500
6 231
8 165
15 34
37 17
492 9

caso 89:
30 0
443 1
949 7
994 87
998 255
999 668
994 972
956 989
941 994
740 999
360 999
82 992
29 963
1 825
0 139
4 39

caso 90:
596 0
926 3
974 13
996 18
999 679
996 946
987 987
700 999
78 996
20 985
11 983
7 926
1 640
0 465
0 102
3 51
54 12
150 2

caso 91:
293 3
695 3
932 11
970 20
995 49
999 153
998 975
933 993
519 998
150 975
9 917
4 418
3 131
13 74
50 26
68 8
232 4

caso 92:
658 0
872 8
902 14
946 34
990 102
997 187
997 532
995 938
994 983
912 999
16 996
9 849
2 603
0 411
0 171
6 14
479 1

caso 93:
372 1
482 1
832 11
935 26
969 68
979 99
997 187
999 353
997 820
973 925
951 988
787 998
351 999
206 999
66 987
26 960
11 930
6 780
4 605
1 282
2 136
43 31
56 16
68 3

caso 94:
446 0
863 0
972 16
985 19
994 127
999 970
980 983
840 996
563 998
155 998
49 997
19 989
15 968
1 566
1 509
3 260
9 159
24 79
42 31
147 14
285 2

caso 95:
576 0
854 2
993 19
996 21
999 263
999 650
996 790
978 937
959 975
934 981
802 998
104 999
64 977
47 967
8 931
3 446
3 158
8 6

caso 96:
267 3
941 18
996 20
999 49
996 977
982 988
962 996
424 999
181 998
43 988
14 924
0 707
7 121
11 10

caso 97:
889 1
919 4
985 24
999 75
999 919
998 943
974 990
882 997
286 999
235 998
179 994
3 940
2 872
2 451
6 28
8 5
542 2

caso 98:
384 3
780 4
969 5
993 95
997 227
998 964
639 991
551 997
454 998
231 999
206 999
69 966
43 952
18 757
8 651
2 408
3 238
4 116
11 87
32 45
88 22
123 10
232 5

caso 99:
226 1
994 6
999 547
999 897
996 965
975 982
934 990
590 999
224 998
21 989
14 947
4 706
6 16

