23
7 17 86
32 32 81
65 68 82
41 41 80
36 40 53
75 84 50
68 69 73
11 11 82
19 25 71
19 26 62
37 37 95
51 54 63
9 13 96
30 38 68
39 48 86
48 58 69
14 21 92
79 79 57
73 75 68
12 15 82
39 45 75
87 91 57
79 84 85

25
13 18 84
14 19 75
75 85 98
19 26 97
24 28 70
35 42 56
73 82 83
80 82 73
65 73 85
83 90 54
31 34 65
37 41 71
60 63 69
87 96 50
20 26 79
39 47 60
18 26 69
35 39 53
72 80 85
14 18 53
8 18 91
60 65 68
17 27 100
88 97 88
2 3 99

46
8 15 53
10 12 75
3 6 71
31 37 84
68 70 74
19 25 80
19 23 61
62 63 79
70 70 84
3 10 51
45 51 75
71 71 89
20 21 65
43 53 53
12 15 60
41 41 84
89 90 68
51 53 92
12 19 84
49 57 67
25 31 71
10 16 66
28 38 61
15 23 51
60 62 76
55 55 51
27 28 80
42 52 84
20 28 57
76 78 53
90 98 67
24 29 65
6 14 87
82 92 75
55 58 51
65 69 67
46 54 87
38 44 60
43 49 51
25 35 52
5 5 54
38 48 74
57 67 84
16 21 82
36 38 64
2 4 51

36
84 89 51
15 20 70
28 33 65
22 22 97
4 7 72
9 15 96
9 14 56
81 89 85
52 58 53
10 13 75
8 16 98
76 80 92
28 34 52
32 41 78
72 82 74
88 98 71
50 56 52
5 11 93
34 41 95
49 54 85
28 29 66
22 32 96
4 6 90
82 92 51
86 86 92
6 16 52
34 34 71
80 81 94
27 29 54
6 11 56
57 65 89
25 31 58
51 61 85
88 96 52
74 77 86
31 40 93

44
49 55 76
4 9 77
50 57 67
67 73 68
85 89 68
4 14 70
80 90 81
44 50 99
81 87 74
72 75 97
74 75 57
80 82 93
59 69 84
47 52 88
6 8 80
29 38 96
46 56 80
20 24 90
30 31 72
49 57 77
53 62 58
25 26 59
35 43 90
52 53 73
50 60 63
33 34 55
64 72 75
89 91 80
21 21 86
59 61 72
45 52 94
65 66 79
40 41 63
59 67 90
62 70 74
79 88 50
22 24 85
34 43 98
71 78 91
23 30 76
1 9 78
69 69 99
52 54 85
20 26 72

23
86 89 92
31 34 50
86 87 55
39 44 57
37 39 54
72 74 60
87 89 79
54 58 90
85 95 99
22 22 72
31 38 73
78 81 81
42 48 52
79 81 91
10 18 98
49 52 86
88 98 63
89 96 88
23 29 58
81 81 99
24 24 96
22 30 64
8 14 85

45
30 39 50
31 33 65
44 45 70
3 10 57
26 27 73
88 95 94
53 63 91
32 34 72
11 13 88
22 31 97
14 21 51
4 13 67
83 83 76
85 91 79
80 81 61
26 29 98
87 92 93
62 71 80
18 21 65
79 88 72
73 74 95
62 72 53
37 46 93
53 56 54
50 57 82
41 47 86
81 82 95
27 33 92
72 81 74
22 31 55
15 18 99
22 27 64
88 93 91
85 93 58
46 50 89
71 78 86
9 9 83
74 76 82
74 79 68
55 57 61
30 33 92
30 40 91
11 13 54
8 16 78
47 55 63

48
3 12 57
61 65 68
30 39 82
16 16 83
4 6 90
42 50 67
42 50 84
14 21 50
4 6 60
73 76 54
51 56 58
80 81 52
2 5 75
2 8 51
24 32 89
84 94 93
47 48 69
30 33 52
4 7 68
79 81 89
61 67 53
26 32 86
39 47 63
69 76 88
62 66 65
13 17 71
29 32 74
59 61 94
29 32 94
66 69 92
77 82 78
37 44 76
30 31 60
90 94 92
13 16 86
45 47 63
74 78 64
46 53 73
17 18 64
60 62 94
38 42 82
81 87 52
7 7 93
87 88 61
38 44 79
13 22 75
89 97 81
89 91 50

33
32 42 62
88 93 57
42 43 97
13 20 69
15 22 81
33 36 87
77 87 66
57 61 93
88 97 98
62 63 52
9 14 69
83 91 71
33 36 59
47 55 77
49 55 55
22 31 59
59 64 50
12 15 88
44 44 59
17 24 74
25 26 67
77 82 64
7 8 92
7 12 57
9 13 62
53 54 78
44 46 70
2 10 65
65 69 55
76 79 60
44 47 51
55 55 66
60 70 87

41
48 48 99
48 48 50
55 60 71
63 66 57
66 67 96
2 9 90
4 10 63
51 61 86
39 47 93
6 13 86
62 63 100
14 24 89
37 46 99
13 18 99
47 54 77
33 43 96
63 66 61
82 82 60
68 70 73
82 82 68
20 29 95
38 42 53
33 43 93
7 13 63
40 43 61
1 5 53
17 27 74
68 73 57
38 41 97
33 37 76
57 59 52
3 4 73
61 67 50
33 36 86
66 76 89
67 77 53
81 83 77
81 91 70
34 42 75
48 50 62
80 81 89

46
74 80 91
19 27 99
60 67 85
28 33 85
88 88 78
51 55 92
78 79 71
75 82 72
83 89 84
16 18 58
20 28 57
21 23 81
49 58 77
14 17 76
74 84 56
55 59 62
61 70 69
32 41 64
52 55 62
8 13 82
69 78 57
25 33 63
87 88 52
66 75 90
88 96 51
69 75 56
40 45 57
87 94 51
85 89 88
3 5 96
45 49 75
55 63 96
67 73 51
8 11 69
67 76 76
63 72 53
41 48 98
59 68 53
17 20 81
71 79 56
22 25 98
3 11 91
81 83 76
41 47 75
3 8 56
16 26 65

37
25 26 97
59 62 56
41 47 50
70 78 78
22 27 71
24 24 90
26 30 88
37 44 50
80 83 80
77 79 100
79 79 58
65 71 89
58 63 77
18 24 66
54 60 52
78 79 97
60 67 65
73 74 81
48 50 63
37 39 71
88 93 67
37 38 97
50 53 75
40 50 53
59 62 72
14 20 94
72 82 66
34 42 85
10 19 88
7 11 71
69 73 89
66 66 51
81 82 71
52 59 82
36 38 65
66 74 59
30 33 66

24
82 83 86
45 52 64
70 78 72
26 33 99
44 53 81
62 72 83
80 90 66
28 37 97
13 13 75
77 81 68
1 3 71
52 57 66
23 33 57
38 47 67
7 13 95
8 18 69
46 52 94
37 40 55
20 22 68
32 40 64
22 22 68
27 29 60
7 7 57
62 69 89

45
49 58 86
10 15 60
62 69 57
8 13 93
4 12 82
14 18 99
75 78 54
5 12 79
74 78 63
28 29 70
78 85 56
67 67 91
51 57 93
67 71 91
2 6 75
35 38 64
40 48 60
39 43 68
83 85 93
66 68 58
54 54 73
17 24 59
77 87 79
83 87 52
1 7 83
73 76 78
9 11 98
1 2 53
73 76 83
32 42 73
69 74 60
6 14 56
64 67 57
65 70 70
59 69 64
44 49 90
21 29 51
42 45 68
47 56 98
8 17 60
85 92 71
2 6 99
86 96 84
56 59 86
39 47 60

47
23 23 96
11 17 97
38 44 63
2 11 61
50 55 63
90 100 53
24 28 81
12 15 92
72 72 60
26 30 61
63 64 90
49 54 61
72 78 96
79 82 97
7 9 61
59 66 84
20 27 83
22 24 65
32 32 68
58 61 95
27 27 64
77 85 79
53 61 66
39 48 60
32 35 71
40 46 97
80 83 81
38 40 85
87 89 86
23 27 94
30 38 66
3 3 51
48 52 82
49 56 55
67 72 50
57 64 63
75 77 91
48 58 89
18 28 65
53 56 67
15 17 96
8 18 51
46 51 98
70 79 100
45 52 58
43 45 70
76 78 58

46
77 85 74
48 54 85
44 50 65
27 30 69
28 28 60
67 74 60
10 18 77
48 56 51
36 44 75
39 48 88
68 72 99
85 95 96
74 77 92
15 15 82
57 64 91
31 35 50
27 35 96
85 88 54
48 56 75
39 48 62
48 57 55
31 37 69
70 78 70
13 23 98
40 46 63
51 52 92
12 17 70
60 62 59
25 25 80
54 56 52
31 36 67
12 19 94
16 25 66
22 32 60
4 6 73
58 60 81
79 83 99
14 24 70
42 45 90
4 10 67
44 44 84
26 26 71
80 90 80
47 53 80
34 34 65
84 84 73

25
7 11 80
46 47 77
47 52 62
81 82 67
37 45 78
52 62 80
33 38 57
71 71 57
56 59 58
70 74 69
71 75 97
14 17 53
24 31 76
54 58 82
46 54 64
60 61 55
90 91 68
66 75 77
37 39 89
72 75 53
43 44 89
50 53 54
6 11 85
58 67 58
52 59 76

35
53 56 71
48 51 50
90 98 50
2 2 95
38 48 64
64 68 98
58 65 75
56 64 95
45 48 95
2 11 71
8 9 52
21 26 55
21 31 73
28 37 76
86 89 95
60 70 91
29 36 72
58 63 84
49 55 88
17 17 85
5 8 80
36 44 65
10 12 58
83 88 84
63 66 92
39 44 55
48 56 85
4 4 64
33 43 65
27 31 84
79 87 91
9 9 97
2 7 67
33 33 81
14 20 56

45
9 13 63
17 18 80
76 83 58
39 43 82
89 90 70
16 23 57
83 90 81
16 17 97
31 32 71
86 87 91
18 24 51
78 86 73
83 91 81
39 39 85
89 90 92
85 94 59
20 23 70
78 81 76
81 91 92
35 38 76
64 65 74
48 53 53
24 33 98
20 24 97
30 33 69
22 29 83
70 71 53
5 8 100
32 42 55
30 32 80
30 34 79
11 18 97
77 78 85
44 49 75
43 51 95
14 21 63
70 80 69
44 51 96
10 10 96
18 22 90
68 75 73
57 60 58
43 49 62
11 14 92
74 84 77

25
29 33 94
66 76 93
22 22 79
46 51 83
71 79 52
67 72 94
68 72 66
47 49 59
7 14 76
31 38 89
51 61 90
72 73 77
24 25 71
59 61 92
22 28 83
8 14 81
59 59 74
48 53 76
70 73 99
76 81 93
76 82 60
32 37 76
47 47 80
57 57 67
45 52 83

50
40 41 59
69 70 58
3 7 73
37 40 77
68 76 87
56 57 93
53 58 87
55 61 92
6 7 78
10 20 96
44 53 69
42 42 57
38 42 55
36 39 94
64 74 58
45 52 95
27 37 98
70 76 64
68 69 72
85 90 82
22 30 72
21 21 67
78 82 50
50 56 72
40 47 61
50 60 51
24 26 75
13 22 50
57 63 93
86 92 69
36 45 96
77 80 93
30 32 82
71 73 60
67 67 79
57 61 85
52 55 56
55 62 72
78 85 90
78 85 84
16 19 75
51 56 50
27 29 97
64 67 68
70 78 89
47 54 89
80 83 67
27 33 83
65 70 78
14 19 98

36
74 80 88
26 30 95
1 3 58
79 88 84
25 35 69
14 15 50
88 91 74
1 9 64
30 32 88
85 86 50
3 3 80
18 18 71
35 36 55
43 48 60
60 70 67
63 69 94
36 43 85
10 16 84
23 24 63
80 88 60
54 57 84
27 33 55
78 79 97
89 90 71
32 38 64
86 96 58
45 55 80
23 27 89
82 89 64
83 90 94
85 85 63
22 26 63
31 36 50
69 76 82
85 88 70
85 85 72

32
21 27 77
66 72 50
61 65 58
71 81 50
68 77 80
87 91 54
76 85 50
87 97 99
52 56 96
65 70 94
47 48 70
8 13 71
54 60 78
18 27 72
19 23 82
13 17 66
35 40 61
52 53 50
15 17 99
5 12 91
9 13 78
40 44 70
77 86 55
60 69 80
29 36 89
76 82 89
56 58 96
19 24 94
40 41 86
29 37 80
52 59 97
21 24 98

27
10 15 98
40 43 75
44 52 73
30 37 82
68 72 86
26 33 76
10 17 90
28 30 79
63 65 96
65 67 76
56 56 89
81 83 95
12 22 79
6 8 64
89 93 73
5 6 56
34 42 75
17 19 50
58 67 50
15 18 85
49 56 61
38 39 75
8 16 74
82 82 55
54 57 53
55 59 72
35 35 54

23
27 34 93
48 52 88
45 54 55
53 55 76
65 65 50
83 90 93
38 46 95
21 22 85
36 40 74
51 59 95
20 26 99
82 82 89
30 31 57
32 35 83
37 39 96
87 92 69
9 17 94
63 73 51
16 18 72
46 50 100
88 88 98
19 28 63
70 78 94

35
11 18 53
15 22 52
10 19 67
12 17 57
52 58 60
20 29 70
25 29 91
57 60 80
83 93 94
87 96 99
54 64 73
64 70 52
46 51 54
3 9 84
45 50 77
3 11 64
41 48 86
71 79 76
81 90 75
16 25 73
83 91 86
23 23 66
42 46 87
48 54 99
85 91 53
59 62 83
84 86 90
4 12 54
15 16 55
50 56 75
72 81 89
55 60 79
66 74 79
39 47 95
76 85 52

20
83 84 60
55 63 65
45 48 80
7 7 90
3 9 95
20 20 53
58 66 57
50 55 56
4 6 52
28 33 75
35 43 94
5 11 78
44 51 57
84 94 64
15 18 100
87 95 87
18 21 72
39 40 88
22 23 80
64 68 86

31
56 64 72
57 59 65
15 15 85
52 56 62
81 83 97
38 45 85
52 57 80
5 8 69
36 41 53
22 25 89
2 3 91
63 69 54
90 95 63
10 20 51
6 8 58
86 93 53
78 85 56
68 69 62
52 52 87
8 11 94
26 28 63
33 37 97
7 15 80
46 51 72
37 38 63
43 48 65
62 65 51
47 49 61
77 79 57
27 32 51
71 74 59

43
14 17 70
16 22 50
50 57 77
66 68 62
2 11 68
18 19 66
45 53 69
64 64 89
60 65 97
82 83 63
90 95 68
37 37 66
90 98 66
89 93 80
69 72 79
50 58 89
16 26 81
55 64 64
87 91 99
17 26 73
2 3 66
26 30 100
29 36 63
68 78 53
84 94 58
59 61 51
34 41 89
21 25 83
3 12 66
59 61 57
8 13 79
66 71 65
32 42 96
62 69 92
50 58 53
1 9 72
74 84 84
80 87 68
28 29 74
23 27 83
65 73 67
90 97 55
54 56 64

22
58 61 67
78 83 100
43 46 94
54 64 57
69 72 70
79 83 76
59 69 85
4 8 82
49 59 89
48 56 51
86 93 99
17 22 84
80 85 65
56 57 89
31 34 73
61 66 98
50 57 82
76 76 53
54 62 61
15 21 59
69 79 83
89 96 53

25
70 80 53
24 29 79
11 11 63
68 77 83
72 78 99
74 75 97
90 99 92
52 53 57
51 52 100
24 24 71
78 83 61
14 15 62
84 88 82
69 71 52
64 70 56
11 19 97
47 53 98
39 48 88
23 23 95
42 43 82
39 43 55
80 88 60
77 79 59
59 61 78
42 45 57

36
9 15 67
36 38 87
34 37 93
50 53 89
21 23 60
79 86 85
29 39 89
26 29 98
19 26 63
70 75 86
59 60 72
24 33 68
62 67 56
46 54 95
77 85 84
26 33 84
25 35 83
18 27 96
40 41 95
19 28 78
35 40 76
44 46 74
27 36 96
59 63 64
88 91 62
10 16 62
47 56 74
13 19 70
76 81 85
65 65 55
84 91 74
65 75 59
13 20 59
70 75 78
83 93 87
36 43 89

29
26 36 92
87 97 80
5 5 73
1 1 68
62 63 73
82 84 71
49 49 65
28 35 62
72 74 58
8 8 83
73 83 71
53 63 90
23 32 51
55 60 63
58 64 69
65 73 70
45 53 57
80 85 70
40 41 66
10 20 69
64 70 66
40 46 87
39 40 82
25 30 87
20 28 60
23 26 84
8 14 69
83 83 58
59 63 100

44
53 54 61
3 7 53
35 38 56
87 91 91
80 83 56
5 5 61
69 78 79
14 15 88
76 81 81
43 51 73
14 17 91
33 43 79
38 39 82
42 45 83
5 9 51
44 44 62
64 74 60
58 62 94
12 17 54
27 27 53
55 61 100
82 89 56
40 46 75
70 76 82
56 66 54
2 11 75
78 85 68
50 50 71
25 33 100
56 57 89
6 11 80
22 32 61
16 17 81
85 95 81
79 86 78
82 88 72
69 70 62
15 18 100
6 7 85
82 88 65
35 35 95
24 31 55
10 17 61
40 48 62

32
26 31 81
48 48 93
16 26 54
80 82 59
55 59 61
61 69 93
2 12 80
7 15 98
42 46 81
81 82 68
17 20 83
32 32 96
82 86 51
79 88 56
77 81 78
11 11 72
65 70 78
70 80 73
62 71 52
71 71 68
66 70 54
52 55 67
70 74 74
4 11 88
86 91 94
54 59 64
71 72 74
21 22 92
76 82 58
4 7 79
61 65 69
85 91 88

36
79 83 63
74 80 92
53 56 78
84 84 90
25 32 76
78 85 81
34 42 77
43 51 84
23 27 98
26 28 62
1 5 59
45 47 80
30 36 95
54 57 90
28 33 97
25 27 81
38 48 85
61 63 94
80 82 91
3 8 53
11 21 55
23 26 58
32 37 91
3 5 90
67 68 91
50 56 100
85 88 98
54 54 99
14 24 76
83 88 76
89 98 61
53 54 99
7 15 59
78 81 94
56 64 67
5 9 93

41
40 40 81
7 16 94
49 58 51
7 15 94
61 62 74
19 28 59
3 8 92
59 60 82
44 45 88
17 26 81
78 82 80
67 74 70
60 69 53
9 19 56
24 25 79
54 62 64
86 93 88
50 57 94
79 82 77
5 10 96
46 56 93
61 66 92
70 72 61
42 43 92
3 10 64
8 9 62
8 13 66
83 93 56
75 77 50
20 28 91
36 39 57
4 13 84
47 52 76
42 47 72
69 74 90
86 95 58
37 41 93
60 61 81
48 51 63
59 66 92
6 16 71

36
33 37 97
18 18 91
64 65 66
41 46 56
89 98 86
37 46 54
68 70 86
80 81 99
88 91 88
84 93 64
36 37 73
59 62 97
19 23 86
40 45 62
82 85 77
21 26 68
13 18 58
17 24 53
54 61 81
28 31 55
78 88 78
57 63 94
54 62 72
5 8 74
32 32 77
44 49 82
35 37 73
68 74 55
21 26 87
14 22 97
42 52 51
12 20 91
84 90 51
80 83 79
50 53 74
61 69 84

36
26 27 78
32 33 55
11 16 86
15 15 50
32 36 99
75 76 50
40 49 88
64 69 64
40 48 67
48 50 53
54 58 63
41 41 85
25 34 64
48 54 74
28 32 85
26 34 53
31 36 68
75 79 76
11 17 83
15 21 96
16 20 96
81 85 90
13 15 59
14 16 82
21 23 97
59 67 94
28 37 75
69 74 90
79 88 69
23 27 94
45 51 75
7 9 52
41 45 79
52 60 79
83 87 73
11 11 64

33
37 45 75
39 41 71
15 17 54
32 38 99
20 20 60
70 79 52
47 55 63
47 52 80
41 46 94
46 54 89
28 38 64
1 4 91
24 33 100
35 38 77
8 9 82
18 24 96
75 85 89
61 67 66
60 63 88
88 92 85
63 69 78
86 86 91
67 74 76
7 16 71
10 17 60
31 40 98
6 8 70
32 35 63
81 83 64
68 70 58
66 72 84
29 35 71
36 40 99

24
43 52 50
80 89 53
34 38 76
3 8 56
29 30 100
76 79 85
41 46 84
89 98 76
3 13 97
49 58 100
64 68 85
85 93 67
51 51 78
24 30 50
70 75 78
65 70 68
9 13 91
58 64 52
40 45 80
10 11 64
86 86 66
22 24 60
9 18 52
1 5 93

21
68 75 95
73 73 99
89 93 85
59 65 75
20 29 55
46 56 74
26 34 52
24 34 84
24 32 65
59 64 77
46 51 91
60 65 91
78 88 89
27 33 72
41 49 85
43 44 67
57 62 72
33 38 61
1 3 59
23 33 93
43 45 63

45
73 78 64
87 96 95
58 61 56
12 21 51
15 15 89
85 88 73
77 85 70
30 33 54
10 20 60
39 44 53
5 11 100
37 40 95
71 75 66
90 92 64
47 52 77
54 64 61
82 89 69
26 28 63
39 48 91
1 5 97
25 34 56
53 56 76
1 7 84
45 55 84
88 98 99
65 72 78
69 71 89
63 73 54
8 12 62
18 28 74
59 67 55
20 25 62
61 69 68
75 82 72
10 12 73
32 41 60
67 71 83
82 83 59
42 51 54
35 41 90
25 34 71
59 64 50
68 75 76
78 88 81
54 58 84

21
58 68 72
55 60 79
44 52 95
74 77 63
83 83 73
8 17 83
84 89 59
21 30 80
43 51 69
31 31 97
61 68 71
4 10 69
37 42 90
12 13 68
27 31 58
40 42 97
47 48 63
82 92 95
14 16 55
16 25 75
11 16 75

35
71 73 59
64 73 84
34 44 69
11 12 58
50 57 71
66 70 87
71 81 51
38 39 81
43 50 91
17 21 58
40 42 78
83 93 59
8 16 70
5 6 64
29 39 84
14 19 54
31 35 74
67 70 54
45 47 84
39 43 98
12 22 78
32 34 55
41 45 69
3 4 94
86 90 57
33 43 96
42 49 68
26 27 94
64 65 92
30 35 57
36 41 62
75 81 63
80 84 54
58 64 88
1 11 99

25
35 35 54
5 5 62
36 44 85
21 30 52
38 47 86
51 60 52
1 7 94
57 58 99
53 56 90
79 83 51
70 76 79
78 79 100
4 12 83
51 52 76
45 51 76
71 79 51
23 23 68
63 63 94
70 75 68
57 62 77
51 51 85
88 94 78
53 63 60
14 23 75
82 86 66

43
19 29 87
11 19 65
41 42 100
46 53 57
59 67 95
4 7 95
79 79 64
47 47 64
29 34 99
38 43 71
88 89 82
13 17 90
87 95 58
57 63 81
58 65 85
49 58 92
15 25 77
81 81 51
18 22 60
24 30 55
48 50 59
59 63 83
24 30 75
63 72 98
9 12 63
73 77 81
28 34 92
47 53 67
35 45 81
69 69 74
56 66 68
19 22 66
44 53 70
48 56 57
86 89 75
52 61 53
59 68 64
88 98 79
38 47 96
53 54 73
58 60 82
61 67 89
72 80 54

32
44 48 98
62 63 82
63 73 67
35 40 59
42 43 73
10 15 78
31 39 59
73 83 90
61 63 83
67 67 60
10 18 75
86 86 97
23 33 98
74 74 80
59 60 96
57 66 58
34 36 75
14 20 64
28 36 83
2 4 70
83 85 81
13 20 89
18 28 86
65 68 53
66 74 97
86 90 52
66 70 66
1 1 100
53 63 82
4 11 94
80 87 57
88 97 79

50
83 93 79
82 87 69
9 17 87
37 42 84
23 33 96
22 31 86
64 66 51
14 20 69
26 28 94
37 39 67
26 33 63
74 78 95
45 45 67
7 9 93
15 18 84
84 87 63
80 82 65
32 38 85
81 88 78
81 83 69
73 81 80
49 51 89
33 39 67
33 39 75
4 7 98
27 27 72
10 14 54
52 52 86
21 25 81
82 83 54
34 43 72
40 47 50
53 58 82
45 55 67
45 49 78
51 58 99
72 72 60
72 74 89
17 19 85
60 70 66
27 34 99
87 91 50
54 58 56
43 49 74
89 90 72
89 95 60
48 49 90
2 3 88
84 88 62
12 19 51

29
55 58 83
80 88 70
67 72 71
5 11 77
68 77 74
29 30 56
69 78 64
51 53 69
26 34 84
35 42 75
72 76 94
89 93 90
25 34 62
89 89 72
7 13 81
6 8 99
79 80 51
64 68 77
35 35 59
61 66 53
78 81 59
44 52 50
73 78 68
54 62 62
45 48 97
18 24 61
50 57 71
51 56 67
22 32 60

40
66 68 56
88 91 87
53 62 88
64 73 65
54 55 55
74 74 76
45 45 68
81 87 52
65 68 87
45 53 52
15 18 54
70 76 54
46 49 74
1 2 66
40 41 87
79 79 67
72 79 74
33 38 61
24 31 89
2 3 81
3 13 84
73 79 58
59 60 76
4 6 95
49 53 69
71 81 95
36 40 54
68 69 86
84 88 77
52 53 85
19 26 81
65 73 82
45 55 89
49 56 97
10 18 59
88 95 56
22 25 64
28 29 56
44 49 63
75 82 91

40
64 67 100
66 68 72
85 93 64
9 14 85
41 41 99
37 43 78
36 42 78
29 29 76
51 59 52
4 14 60
38 44 84
63 63 69
75 76 63
19 24 64
29 37 77
49 52 75
2 8 79
12 22 53
49 49 62
26 26 100
22 24 71
82 91 81
74 83 95
17 25 80
90 100 81
64 66 64
44 48 89
38 47 95
55 63 92
7 11 61
87 88 67
7 9 78
65 75 96
10 16 74
49 57 86
33 37 81
71 73 65
10 12 59
56 62 94
80 81 98

21
70 75 74
18 18 91
65 66 75
16 20 90
75 75 60
59 68 62
15 18 99
33 33 66
30 35 63
16 25 99
90 90 66
20 28 68
2 4 88
64 70 73
21 30 99
55 57 71
3 4 63
83 90 57
48 54 83
23 29 66
70 75 76

37
59 69 82
44 52 62
29 34 93
7 14 66
40 46 64
51 56 77
90 96 67
74 81 55
10 14 87
33 40 97
20 29 56
88 96 53
56 62 52
47 54 86
49 56 68
32 33 58
82 88 81
7 7 76
59 66 76
71 73 56
9 19 75
26 29 67
25 31 75
15 21 85
25 31 52
75 76 66
40 49 68
47 51 66
48 57 51
75 76 69
77 83 75
90 91 76
75 77 68
42 51 56
1 6 98
76 78 94
87 91 82

47
51 54 65
48 49 54
27 37 88
46 50 58
49 49 72
64 66 53
34 42 65
36 45 71
2 5 92
62 64 96
79 86 59
41 43 75
13 16 85
17 26 88
53 63 82
57 60 56
37 43 90
2 9 55
10 10 93
57 65 71
84 89 61
1 9 88
16 23 80
62 68 91
29 39 99
26 35 76
85 89 59
36 37 89
90 92 50
38 46 68
70 74 71
25 28 95
37 40 83
75 82 100
2 12 91
74 74 76
9 9 62
9 17 85
10 20 52
2 5 75
67 77 93
15 16 55
83 87 76
16 19 69
29 31 57
12 17 68
53 56 87

38
40 47 76
26 28 79
80 84 93
90 94 79
19 29 75
88 91 63
39 41 84
86 91 76
81 86 60
49 59 63
83 91 97
54 63 53
45 50 72
35 43 74
5 10 60
81 86 85
82 84 88
18 21 65
69 75 57
76 81 94
88 96 79
44 48 60
15 15 91
57 64 59
73 78 73
49 54 64
72 76 84
45 50 79
68 78 93
89 96 64
70 77 61
81 91 86
52 56 73
17 27 81
71 81 50
58 63 51
11 20 99
40 43 88

42
53 63 54
65 72 52
32 32 60
40 43 57
80 84 54
76 83 51
42 46 61
90 95 58
27 27 65
86 93 62
45 50 54
40 50 78
61 68 92
44 44 81
69 72 83
49 55 60
79 86 94
70 71 65
14 20 66
3 13 52
22 30 92
46 49 69
51 61 55
73 75 76
47 50 81
22 30 77
36 45 54
24 27 82
82 84 66
77 79 99
33 43 51
27 27 59
60 63 86
4 14 91
68 76 95
17 24 72
19 24 79
28 32 100
2 5 56
7 11 75
15 21 83
31 34 89

22
29 38 83
55 60 57
14 20 99
63 72 95
8 16 78
77 82 92
69 77 91
56 56 87
30 37 89
65 67 90
10 16 57
31 37 67
7 9 93
88 93 100
73 76 81
90 99 79
78 81 91
11 16 93
68 76 58
27 31 72
63 70 59
89 95 100

21
59 65 70
4 5 74
66 72 78
72 81 91
82 90 96
77 79 57
24 32 81
1 10 97
15 19 50
53 57 54
35 35 88
29 38 88
31 38 94
84 87 53
29 35 64
31 40 76
13 14 70
82 86 50
90 96 90
66 69 96
66 70 100

32
20 28 97
52 61 96
29 33 72
31 39 77
81 86 60
46 56 98
4 4 71
33 38 51
12 21 54
18 26 87
12 15 97
67 69 77
61 71 79
81 91 99
77 77 81
20 25 67
2 9 52
13 17 57
74 75 86
77 83 88
40 40 69
23 28 50
4 12 77
63 64 54
7 7 76
88 95 59
77 81 63
32 42 90
13 23 64
62 67 77
1 7 82
43 47 73

45
24 33 79
32 34 89
59 69 75
76 79 83
81 84 74
38 39 86
56 56 68
46 47 51
38 41 88
49 58 59
45 54 81
45 51 100
56 64 95
20 21 68
23 32 88
25 32 71
69 79 65
77 84 50
7 15 86
70 75 90
26 31 95
78 83 65
40 42 51
70 70 85
80 90 67
23 29 69
64 72 85
5 11 65
8 16 94
16 25 78
85 92 63
35 41 69
59 68 80
54 57 55
36 46 55
67 69 94
54 58 78
10 13 59
79 83 62
22 25 67
90 96 81
15 16 75
85 89 95
13 23 68
58 63 91

22
48 50 65
30 38 74
77 85 87
31 38 66
1 7 84
41 51 52
80 86 91
88 98 98
90 94 74
40 49 55
64 74 99
88 96 57
51 51 64
9 12 86
65 75 68
78 80 81
83 91 87
64 64 69
25 33 84
45 45 61
73 82 93
16 17 100

39
75 78 89
4 6 57
41 50 81
53 53 97
62 64 84
8 14 96
30 32 70
40 50 80
51 59 98
90 99 65
11 21 77
74 80 86
57 67 79
24 30 96
29 35 59
83 91 71
82 87 98
10 16 58
15 15 90
13 15 50
5 15 83
27 31 84
4 11 77
59 64 50
45 53 51
83 90 67
80 88 70
16 22 98
57 64 82
39 44 75
29 37 68
81 84 75
81 88 94
18 24 96
67 76 62
45 46 59
40 49 92
61 68 77
43 47 100

39
23 25 70
27 31 65
68 68 73
12 20 57
21 31 100
73 76 61
67 77 53
37 41 50
37 40 74
62 68 82
45 55 53
5 9 57
82 92 74
57 64 83
86 94 85
28 30 90
72 76 81
90 90 74
63 71 88
67 68 58
2 10 82
71 80 70
69 74 98
37 45 87
70 79 64
43 51 84
67 70 81
22 22 76
29 37 74
61 70 57
30 37 79
59 61 51
57 59 93
49 56 82
3 3 81
67 68 85
48 53 69
42 51 72
51 59 99

20
77 85 95
77 86 88
2 9 71
9 13 61
11 21 99
35 38 92
30 31 84
68 76 71
49 52 55
61 67 57
20 26 80
76 80 92
13 14 92
18 23 51
29 30 91
27 30 87
79 80 88
62 65 82
14 23 61
45 49 60

40
51 58 84
72 77 60
31 41 98
5 15 81
70 76 81
46 47 74
52 60 67
15 17 63
20 24 88
25 34 74
81 88 100
60 61 63
63 68 65
10 11 81
49 51 92
57 61 64
23 30 71
13 19 93
51 53 61
28 35 56
65 68 50
17 24 88
32 39 62
40 46 86
64 71 75
13 21 83
1 4 71
69 78 74
32 40 83
37 44 57
88 96 84
25 29 53
90 94 87
65 68 70
90 94 61
20 25 51
61 62 62
62 64 77
37 37 78
75 77 91

27
70 70 100
11 13 86
23 26 51
19 24 69
77 86 80
88 90 73
69 79 94
83 86 78
27 33 84
10 16 88
39 41 73
51 53 69
20 30 86
5 5 99
29 34 100
42 52 80
72 81 81
76 78 72
87 97 61
46 50 89
31 33 58
85 88 52
76 79 70
13 20 85
38 45 64
38 41 65
81 90 72

45
56 58 90
23 26 79
23 25 87
9 13 61
38 47 79
65 73 50
35 38 57
84 90 53
23 31 87
17 20 94
57 58 58
8 14 91
8 9 56
21 23 61
55 56 91
30 37 86
66 75 74
53 55 59
69 73 91
84 86 84
23 28 82
14 18 95
54 55 92
17 19 68
83 85 57
22 24 84
64 65 53
27 30 71
32 38 88
67 77 91
73 76 97
33 33 59
57 65 75
39 47 100
17 25 79
55 57 58
59 62 85
49 50 87
15 19 100
84 85 95
89 99 57
71 75 64
35 39 61
6 8 73
39 45 67

25
14 18 78
56 66 80
66 68 81
35 39 96
49 49 88
34 41 53
28 38 88
85 93 99
37 43 61
45 55 70
76 83 100
13 22 69
54 63 72
4 12 83
20 23 57
46 53 82
73 79 93
5 5 70
9 13 61
70 80 95
72 82 59
16 16 78
56 62 58
69 78 69
40 50 76

25
13 13 69
57 66 51
11 21 96
46 46 70
56 66 72
18 26 50
9 14 72
57 65 74
84 93 60
33 33 58
7 14 59
70 72 93
55 60 88
8 9 64
57 62 87
26 27 73
22 29 91
62 67 51
75 83 89
8 8 68
50 51 52
32 32 87
76 84 90
37 46 80
13 20 57

34
64 69 84
84 85 90
42 51 77
33 35 55
10 19 85
84 94 90
24 28 58
90 91 60
5 5 94
61 71 69
15 18 61
30 36 51
47 56 85
38 48 72
79 79 83
12 21 55
73 82 64
19 23 64
1 3 92
55 58 65
89 99 53
90 90 53
84 94 74
47 55 86
36 42 79
79 83 85
50 50 64
56 59 86
9 14 74
11 17 86
85 88 76
54 64 79
35 40 84
53 60 58

20
55 60 73
53 56 51
57 57 71
43 51 53
9 17 94
35 37 54
32 39 94
24 26 51
55 60 88
49 49 88
61 67 88
71 77 55
8 9 98
52 55 88
27 36 63
32 41 91
90 95 92
86 86 87
74 77 70
69 74 51

20
83 91 60
45 50 57
89 97 63
86 90 98
76 81 96
51 57 100
67 73 78
59 66 92
76 81 54
4 5 61
43 53 94
48 52 92
88 94 54
21 23 51
42 43 95
42 52 76
78 79 72
16 19 50
74 81 99
30 38 91

22
80 82 70
74 75 52
33 33 71
54 54 60
67 76 71
35 38 65
68 73 51
69 73 60
17 20 79
13 22 76
61 61 54
71 78 54
46 51 65
52 61 84
76 84 62
77 80 92
90 93 85
66 68 74
19 29 72
43 51 74
4 6 95
20 28 89

32
26 31 89
53 58 84
90 100 85
38 43 53
79 89 79
71 80 51
42 49 85
23 29 71
27 37 53
57 63 62
36 37 62
16 25 95
15 16 64
24 34 67
79 84 64
88 89 69
58 60 99
59 62 81
71 81 54
1 5 73
3 12 67
70 76 82
54 58 83
24 34 56
70 76 91
75 81 95
70 74 97
41 49 95
9 9 54
36 42 84
34 35 97
77 79 69

27
64 72 71
46 52 55
54 55 62
19 24 55
76 79 98
11 19 69
20 28 100
2 11 65
16 26 56
74 80 59
41 45 65
61 62 95
75 79 53
29 33 52
69 77 66
4 5 68
18 28 85
64 69 59
14 24 89
23 30 88
70 72 79
79 81 55
63 64 99
54 60 56
37 39 83
62 72 53
41 42 60

29
80 86 52
22 29 71
87 94 95
73 74 82
34 34 53
29 36 74
43 45 71
78 88 77
78 87 59
86 95 58
31 37 65
21 24 58
23 27 62
72 74 60
35 45 83
58 66 96
63 64 88
24 27 76
57 65 67
19 22 87
6 10 73
85 94 57
4 13 87
71 77 62
61 64 81
46 51 78
27 28 67
1 3 80
30 39 87

41
69 72 63
36 41 67
71 72 96
3 10 98
43 53 90
5 12 76
77 85 75
59 59 100
44 49 90
49 49 78
5 9 64
50 52 77
23 30 79
61 63 69
60 61 75
90 98 81
29 29 96
19 26 99
20 22 79
42 48 52
53 53 64
35 43 73
87 87 93
16 22 63
90 93 52
3 7 88
12 20 71
13 23 58
84 89 54
30 30 53
31 31 83
88 92 74
53 54 96
10 12 59
23 23 74
13 23 57
15 23 90
74 76 91
79 82 57
87 91 65
3 7 60

46
27 35 97
84 89 69
24 25 78
27 35 69
74 74 80
27 31 87
26 27 92
41 44 52
6 9 78
19 20 94
3 5 78
65 65 69
85 85 93
42 52 79
14 20 87
29 38 77
90 91 87
54 59 74
68 75 57
50 58 85
85 93 61
60 68 79
67 72 83
17 24 77
61 70 96
44 49 53
69 78 96
68 76 99
31 33 51
20 26 73
53 53 74
34 35 60
53 55 90
84 94 96
66 74 74
47 53 72
75 85 93
33 37 84
47 53 54
31 35 68
50 56 69
44 47 84
72 72 75
77 81 75
19 20 76
78 79 91

26
12 16 57
32 36 77
31 39 84
43 43 93
52 62 89
52 53 58
79 82 65
41 50 50
45 55 52
3 13 86
52 62 90
38 38 54
47 53 93
85 93 56
25 34 54
81 87 88
13 21 65
67 74 67
80 86 81
57 59 53
22 22 90
74 80 59
81 90 78
30 37 51
87 90 55
70 70 81

34
41 41 50
86 89 82
83 91 51
81 82 94
62 71 64
58 59 68
66 68 95
74 82 55
72 82 99
24 27 97
45 55 59
49 54 57
90 90 54
11 14 62
90 92 94
54 55 59
89 95 50
28 37 93
34 44 98
86 94 99
90 95 73
49 53 50
56 57 96
52 53 72
67 68 61
34 35 50
28 36 89
45 48 66
65 75 66
32 42 78
68 73 65
84 88 99
1 1 82
69 77 53

39
75 83 88
81 83 73
82 84 94
72 80 59
10 14 84
82 86 65
73 81 85
5 11 64
58 59 92
79 88 87
56 65 60
12 13 69
88 88 95
61 62 88
39 47 96
61 69 100
85 89 52
33 35 100
1 6 56
41 45 99
42 42 96
20 24 55
80 80 69
11 12 73
64 69 74
75 78 99
56 56 69
34 42 96
75 85 96
83 88 77
73 83 100
3 13 72
17 21 57
74 79 87
5 13 54
9 10 82
80 84 95
69 74 96
11 14 78

33
20 28 100
49 59 59
48 55 65
11 13 76
50 54 68
17 25 50
58 63 73
38 44 74
88 89 54
56 62 69
16 16 52
36 40 68
37 45 79
81 82 78
65 70 85
22 27 50
27 33 87
8 13 68
53 62 77
3 4 94
84 92 93
55 63 93
26 34 59
44 49 75
8 13 80
8 16 99
41 51 56
18 23 93
25 25 63
70 70 99
90 96 53
29 34 63
42 44 62

34
22 24 61
86 87 85
8 18 57
85 87 90
36 36 65
12 17 71
70 71 75
90 97 52
10 17 90
74 82 72
48 49 68
82 82 89
10 19 53
90 94 99
44 45 66
61 66 68
21 25 87
52 55 70
68 72 68
47 50 96
44 47 57
41 47 69
68 71 70
43 47 96
26 36 64
40 50 86
72 72 55
22 26 55
32 42 95
85 86 73
86 93 97
49 53 75
86 95 100
69 76 74

36
24 32 60
28 29 76
83 91 57
63 66 55
15 25 64
44 49 79
26 30 91
68 71 80
58 62 50
45 52 65
16 24 75
89 94 73
85 93 65
61 65 59
40 44 83
50 52 54
47 49 83
68 68 100
26 34 72
41 44 100
57 61 96
14 19 81
18 24 66
3 10 84
82 84 66
57 57 62
71 75 69
60 63 61
22 23 83
90 95 66
35 43 58
13 19 74
82 92 50
18 24 59
34 35 84
53 53 78

49
68 77 62
47 49 80
46 49 78
89 99 58
80 83 55
39 40 91
75 81 85
69 78 60
31 41 88
62 67 58
39 39 54
63 67 60
7 8 65
64 71 90
22 31 67
23 26 66
90 100 68
37 37 92
71 72 56
54 57 50
82 89 55
48 53 88
2 5 91
57 67 64
89 96 88
42 46 58
75 79 100
25 30 57
42 46 76
18 27 89
66 71 53
33 43 99
22 32 96
65 65 79
6 7 89
35 43 88
35 44 92
13 15 86
64 64 77
15 15 86
81 83 60
6 7 84
62 72 68
22 27 99
1 11 61
46 46 57
1 2 94
49 54 65
31 33 52

28
62 71 72
40 46 67
69 77 66
3 12 79
67 70 93
23 24 81
64 64 60
51 59 100
51 60 78
15 19 66
47 56 63
71 77 74
79 82 75
82 92 90
24 28 71
59 66 97
41 41 68
88 95 69
82 82 79
74 75 86
12 20 93
79 83 80
51 58 64
51 58 57
57 61 97
46 50 82
56 60 65
5 10 94

43
19 28 55
14 19 94
15 21 76
33 34 68
17 27 84
53 54 54
65 74 75
39 47 67
43 44 61
84 86 78
26 34 61
83 87 92
73 78 68
90 100 83
4 10 80
30 39 95
12 21 60
66 66 90
47 48 51
12 14 79
45 48 65
55 60 73
21 30 86
86 91 69
4 5 91
72 80 59
30 32 94
82 86 61
84 84 93
50 54 72
32 37 89
90 99 55
74 84 86
60 60 78
57 64 96
65 74 90
19 24 66
26 28 87
52 55 99
86 95 96
61 67 50
63 72 94
60 62 92

28
1 2 70
49 49 77
58 68 68
27 30 64
28 36 60
47 55 91
77 77 74
87 91 98
12 17 94
73 75 98
62 62 87
63 70 84
51 51 85
15 15 65
49 54 92
44 50 85
68 68 98
44 46 94
12 20 91
82 86 100
4 11 96
67 74 85
42 43 88
54 56 93
71 72 90
68 78 58
4 10 89
76 83 99

23
35 45 68
52 61 57
61 67 56
60 63 84
36 39 81
26 27 91
68 72 93
62 64 86
33 38 53
28 31 98
78 84 57
7 16 60
87 88 74
27 35 51
8 10 63
21 23 69
81 88 92
25 33 72
20 25 91
88 90 71
54 55 64
17 20 53
66 76 64

20
20 26 87
29 37 63
3 13 57
70 71 92
47 54 86
24 28 99
51 53 82
80 81 70
51 56 79
7 13 63
23 30 94
19 25 65
75 80 72
90 99 51
88 97 67
18 22 50
49 52 60
78 85 66
16 21 83
76 81 64

45
44 50 56
16 26 84
61 63 65
49 52 54
74 74 92
63 64 98
38 40 83
17 20 57
53 56 80
42 42 70
59 68 68
78 83 56
42 50 57
8 10 90
61 70 78
57 57 72
10 13 61
2 8 74
88 91 57
14 24 77
32 33 96
18 21 58
58 63 53
75 77 59
74 83 69
5 10 83
22 22 84
16 24 82
59 65 82
64 66 65
71 79 60
72 78 69
5 7 62
19 21 96
54 59 90
13 16 81
48 53 58
37 46 89
76 80 90
65 73 72
75 80 79
27 34 90
17 24 65
16 22 99
26 28 69

38
16 20 81
60 63 64
20 28 63
12 16 82
12 21 72
77 78 98
55 60 60
49 54 81
47 55 85
69 75 71
41 51 89
76 82 62
3 3 88
15 18 53
27 34 80
79 82 81
82 85 98
32 33 60
75 84 86
39 42 85
76 84 97
2 3 77
14 22 97
49 53 87
82 86 94
74 80 70
34 38 51
74 80 79
68 72 95
40 40 53
50 56 65
15 20 58
15 17 53
88 92 61
81 82 90
17 17 82
10 20 75
84 92 51

22
45 48 66
41 47 98
68 68 73
76 84 63
17 19 51
10 12 76
3 10 98
78 81 53
41 48 90
4 11 75
25 34 73
53 54 52
17 25 70
84 93 79
17 19 85
27 32 77
57 67 93
2 12 100
68 73 83
4 7 60
87 90 100
44 45 62

20
32 41 71
10 16 51
78 85 63
42 45 58
90 95 94
26 28 51
10 14 50
90 93 88
53 60 96
88 89 77
70 73 91
64 68 85
48 56 89
2 8 70
22 31 51
49 51 56
43 46 75
72 81 58
52 52 55
36 46 61

37
47 49 57
66 75 93
41 41 97
63 68 80
76 76 98
63 72 100
23 28 60
55 65 63
40 49 52
68 72 63
21 22 66
31 31 93
22 24 83
29 37 100
20 23 76
21 25 90
68 74 83
33 40 94
85 93 77
6 12 60
31 39 53
35 39 51
43 47 69
6 16 98
62 70 84
76 86 89
3 9 53
65 73 53
30 39 75
31 36 83
88 89 69
71 80 86
81 84 94
32 40 57
27 31 84
77 82 53
61 63 58

32
79 88 72
19 23 97
66 69 55
45 47 75
29 29 50
11 14 58
76 78 63
18 24 69
24 27 91
6 10 53
52 52 87
74 82 99
86 88 57
23 30 95
37 46 76
33 38 68
50 60 61
25 30 62
53 57 92
47 56 68
59 61 81
66 69 56
2 8 63
29 36 92
58 63 51
73 81 78
35 41 57
78 84 81
14 21 74
89 93 52
89 97 71
23 30 54

36
59 60 72
4 9 70
38 43 71
49 57 57
1 11 97
35 35 56
26 36 86
73 76 88
11 11 90
33 41 77
11 16 60
66 69 67
59 65 97
26 31 76
71 76 81
87 93 65
83 86 69
28 33 50
19 23 56
51 56 72
89 89 78
17 22 67
56 66 63
7 9 82
77 83 59
78 78 63
49 50 69
71 71 53
43 45 73
89 94 68
56 60 89
64 71 57
43 48 52
49 52 51
51 57 68
19 20 51

46
56 60 60
3 3 97
16 25 56
29 39 79
90 98 100
78 85 52
46 56 91
74 81 66
23 29 67
59 68 79
67 67 52
27 37 57
33 37 65
54 64 74
80 90 69
29 37 78
18 27 67
29 29 86
33 38 53
31 35 76
51 59 90
34 35 89
60 69 60
58 68 55
19 27 65
55 59 96
55 63 100
29 33 77
39 39 87
43 48 79
22 25 68
44 53 97
45 48 95
83 84 95
18 22 59
83 92 95
89 92 86
31 40 84
42 44 88
77 79 69
81 90 83
9 10 56
60 64 93
4 7 84
28 31 63
19 28 69

42
81 84 88
1 8 54
51 52 61
3 7 83
77 78 81
54 54 90
3 6 98
44 49 58
5 6 71
43 46 56
29 30 68
74 75 96
9 10 58
16 17 56
40 45 88
59 64 59
56 61 66
43 53 75
16 21 60
38 42 51
87 87 69
42 51 50
89 91 83
82 86 85
66 74 94
70 70 65
53 54 55
30 31 64
86 93 77
48 51 79
86 92 54
23 28 99
44 51 53
26 26 100
52 52 77
70 71 91
69 78 90
63 73 75
18 25 53
44 49 97
16 16 60
35 44 98